336_96_TSF_TSM_ETTh1_ftM_sl336_ll48_pl96_dm512_nh8_el3_dl1_df256_fc1_ebtimeF_dtTrue_Exp_0  
mae:0.8565106987953186, mse:1.2994256019592285, rmse:1.1399234533309937, mape:18.05160140991211, mspe:125956.078125, rse:1.085500955581665, corr:[0.07061761 0.06942195 0.06188529 0.07720385 0.08119513 0.07830821
 0.08827635 0.07689944 0.0916583  0.07825395 0.08462869 0.07832003
 0.06726204 0.06374583 0.07604728 0.08081945 0.0750858  0.08079794
 0.06812494 0.05995412 0.06190205 0.06999797 0.07424701 0.0558178
 0.07141208 0.07050804 0.06933655 0.07046814 0.06365605 0.07610194
 0.06823893 0.07682277 0.08495082 0.07525426 0.07760867 0.08531827
 0.07081642 0.07690081 0.07239913 0.07236262 0.08522569 0.0792657
 0.06085502 0.05772771 0.06391857 0.06709529 0.06568968 0.05333325
 0.05907577 0.06565676 0.06523877 0.06054942 0.06104577 0.07161331
 0.06840341 0.07262141 0.08027896 0.08228914 0.05654365 0.06655826
 0.05980977 0.05842324 0.05696655 0.07388216 0.04293597 0.06743792
 0.06169156 0.05852523 0.0580638  0.07300918 0.06644338 0.07608175
 0.05781884 0.06339367 0.0661826  0.06338979 0.06246346 0.06168503
 0.0513547  0.06912952 0.07662517 0.0719394  0.07263554 0.07226574
 0.07520722 0.06636288 0.06805255 0.07469872 0.0557402  0.07068627
 0.05519362 0.04678306 0.05939217 0.06250672 0.05654875 0.06100865]

336_96_TSF_TSM_ETTh1_ftM_sl336_ll48_pl96_dm128_nh8_el3_dl1_df256_fc1_ebtimeF_dtTrue_Exp_0  
mae:0.8813754320144653, mse:1.2962054014205933, rmse:1.1385101079940796, mape:12.545482635498047, mspe:60404.17578125, rse:1.0989511013031006, corr:[ 0.04855641  0.04648149  0.04595711  0.03097485  0.03509146  0.02079364
  0.02344455  0.01770223  0.01500172  0.0067445   0.00944827 -0.00480644
  0.00114864  0.00960754  0.00242319  0.01112223  0.01413631  0.00915766
  0.02438785  0.04122399  0.0343758   0.05125001  0.04582211  0.04251075
  0.04566874  0.04657678  0.04177152  0.03696129  0.01854417  0.02063349
  0.02587522  0.01705972  0.00625245  0.01101695 -0.00035964  0.0075813
 -0.00131171 -0.00241478 -0.00073255  0.0040732   0.00713543  0.01019829
  0.02113456  0.03066947  0.04086531  0.04348746  0.04829928  0.04207393
  0.04230969  0.04376882  0.02976266  0.02897928  0.02604924  0.02405988
  0.01697633  0.00610909 -0.00015586  0.00758476  0.00882402 -0.00687633
 -0.00268697 -0.00567431 -0.00148416  0.00180719  0.01034204  0.0007714
  0.01578607  0.02566044  0.03502974  0.04574555  0.04645236  0.0437422
  0.03927926  0.03555339  0.03259812  0.02439881  0.01556016  0.01448975
  0.02549016  0.00878749 -0.00075609  0.0026783   0.00889366 -0.00364142
 -0.00997529 -0.01143453 -0.01531334  0.00080111  0.00111934  0.01274025
  0.01054115  0.01640422  0.02535107  0.03994089  0.04908992  0.04704983]

336_96_TSF_TSM_ETTh1_ftM_sl336_ll48_pl96_dm128_nh8_el3_dl1_df256_fc1_ebtimeF_dtTrue_Exp_0  
mae:0.8488441705703735, mse:1.2041178941726685, rmse:1.0973230600357056, mape:10.06551456451416, mspe:38429.53515625, rse:1.0591951608657837, corr:[-5.23476116e-03 -4.85428551e-04  1.86268077e-03  4.95646568e-03
  2.10733176e-03 -4.48432891e-03 -4.39162919e-04  3.10219242e-03
 -1.70288002e-03  9.21880547e-03 -5.89123555e-03 -7.22700777e-03
  3.13585886e-04  1.94611936e-03  5.80621092e-03 -7.49692600e-03
 -8.41992255e-03 -7.21405231e-05 -3.71641410e-03  1.83253328e-03
 -4.42028031e-05  2.08548992e-03  2.34853127e-03 -1.46812946e-03
  1.20566436e-03  5.30847930e-04  5.14183752e-03  4.39038733e-03
 -1.96282216e-03 -1.88140792e-03  3.57527006e-03 -7.27569452e-03
  1.54327392e-03  2.40627234e-03  3.79524135e-04 -1.57058635e-03
  2.33869650e-03 -5.30720828e-03 -9.02154204e-03  5.76044258e-04
  5.12963999e-03  2.29276554e-03  3.66068096e-03 -2.90844328e-04
 -6.04866305e-03  5.56996139e-03  1.60671852e-03  1.13002758e-03
 -2.58773123e-03 -4.32648789e-03 -6.33189827e-03  1.64828193e-03
  3.37825459e-03  3.74732283e-03  5.97079564e-03 -2.80122994e-03
  4.26506530e-03 -8.08914832e-04 -4.07785177e-04 -7.02812523e-03
 -4.55789501e-03 -4.63430118e-03 -3.13426158e-03  1.95709057e-03
  3.25080147e-03  7.27390917e-03 -5.92610659e-03  2.19958165e-04
 -6.67102868e-03 -8.18326836e-04  7.16300492e-05  9.50326445e-04
 -1.26224812e-02 -1.96196343e-05 -6.16990961e-03  2.66554579e-03
 -8.21675267e-03 -5.68696111e-03 -6.30122330e-03 -1.62840111e-03
  3.37285781e-03  3.17767402e-03 -1.90187048e-03  1.77362293e-03
  1.59730436e-03 -2.06012392e-05  1.41830021e-03  1.00299325e-02
  2.50309077e-03  5.01293340e-04 -3.72189475e-04  4.70478134e-03
  4.99914400e-03 -1.13735795e-02  1.96522614e-03 -8.89225863e-03]

336_96_TSF_TSM_ETTh1_ftM_sl336_ll48_pl96_dm256_nh8_el3_dl1_df256_fc1_ebtimeF_dtTrue_Exp_0  
mae:0.8099615573883057, mse:1.1840354204177856, rmse:1.0881339311599731, mape:11.691300392150879, mspe:49281.72265625, rse:1.0503252744674683, corr:[0.0800096  0.07636104 0.07197888 0.06332521 0.05689356 0.05395547
 0.05445319 0.04822914 0.03670905 0.04716562 0.02770477 0.03202792
 0.02265024 0.03213532 0.02320811 0.02197024 0.03499308 0.04762168
 0.04610253 0.05969455 0.06704048 0.07303927 0.07505255 0.08073714
 0.07684463 0.07255164 0.06410939 0.06625845 0.04794048 0.03929251
 0.04053754 0.03651384 0.02799202 0.03796489 0.02171738 0.03128228
 0.0301717  0.02128116 0.02126192 0.02908872 0.03254003 0.0420173
 0.04810223 0.05224749 0.06334591 0.07210091 0.07524606 0.07665432
 0.06361314 0.07154138 0.06452332 0.0579948  0.04293374 0.04608545
 0.03897753 0.03244778 0.04097981 0.02896785 0.02058947 0.01885824
 0.02087596 0.0084243  0.02402464 0.02239734 0.03174439 0.02347187
 0.03794768 0.04162408 0.06262735 0.05542642 0.07011607 0.0673719
 0.06518693 0.06712473 0.05209666 0.05437012 0.04732021 0.03978821
 0.03472781 0.02727508 0.02586897 0.02171463 0.01930718 0.0126869
 0.0123409  0.01207012 0.01640594 0.01900721 0.02402075 0.02327479
 0.03697652 0.04392223 0.05403185 0.0613879  0.06051093 0.06118981]

